|0        |Max          |2005  |16.00 |18.00  | 66.00     |
----------+-------------+------+------+-------+------------
|1        |Luciile      |2088  |50.00 |66.00  | 11.00     |
----------+-------------+------+------+-------+------------
|2        |Mouse        |2090  |100.00|12.00  | 22.00     |
----------+-------------+------+------+-------+------------
|3        |Rob          |2018  |90.00 |1.00   | 88.00     |
----------+-------------+------+------+-------+------------
|4        |Jitian       |2020  |45.00 |50.00  | 32.00     |
----------+-------------+------+------+-------+------------
